* 9:20pm February 15, 2017
* Player1(B02902071) vs Player2(a1)
* 1 2 2 2 2 2 5 1 2 2 2 2 2 5
* X X X X
* X X X X
* X X X X
* X X X X
* X X X X
* X X X X
* X X X X
* X X X X
* first 1
* time 900
* 1. b2(p) a3(r)
* 2. b5(c) c4(g)
* 3. a8(n) b6(C)
* 4. c2(P) c2-b2
* 5. a4(R) a4-a3
* 6. d5(P) a1(M)

* Comment 0 0
0. 1484515221906
1. 1484515221937
2. 1484515221968
3. 1484515222000
4. 1484515222031
5. 1484515222046
6. 1484515222078
7. 1484515222109
8. 1484515222125
9. 1484515222156
10. 1484515222187
11. 1484515222218
12. 1484515222234
13. 1484515222281
14. 1484515222296
15. 1484515222328
16. 1484515222343
17. 1484515222390
18. 1484515222406
19. 1484515222437
20. 1484515222468
21. 1484515222484
22. 1484515222515
23. 1484515222546
24. 1484515222562
25. 1484515222593
26. 1484515222625
27. 1484515222656
28. 1484515222687
29. 1484515222734
30. 1484515222750
31. 1484515222796
32. 1484515222812
33. 1484515222859
34. 1484515222875
35. 1484515222921
36. 1484515222937
37. 1484515223000
38. 1484515223031
39. 1484515223078
40. 1484515223093
41. 1484515223140
42. 1484515223187
43. 1484515223234
44. 1484515223281
45. 1484515223312
46. 1484515223359
47. 1484515223421
48. 1484515223515
49. 1484515223593
50. 1484515223750
51. 1484515223859
52. 1484515224046
53. 1484515224140
54. 1484515224343
55. 1484515224468
56. 1484515224671
57. 1484515224796
58. 1484515225062
59. 1484515225500
60. 1484515227265
61. 1484515228640
62. 1484515230578
63. 1484515231937
64. 1484515233609
65. 1484515234609
66. 1484515235656
67. 1484515236234
68. 1484515237062
69. 1484515237515
70. 1484515238078
71. 1484515238312
72. 1484515238609
73. 1484515238890
74. 1484515239140
75. 1484515239312
76. 1484515239500
77. 1484515239687
78. 1484515239875
79. 1484515240015
80. 1484515240171
81. 1484515240281
82. 1484515240437
83. 1484515240609
84. 1484515240765
85. 1484515240937
86. 1484515241234
87. 1484515241531
88. 1484515241828
89. 1484515242015
90. 1484515242203
91. 1484515242421
92. 1484515242656
93. 1484515242843
94. 1484515243015
95. 1484515243296
96. 1484515243656
97. 1484515243875
98. 1484515244078
